50
50.461253 0.216272 0.804506 0.413745 0.455648 0.582180 0.649537 0.524206 0.614187 0.401899 0.209413 0.176620 0.603498 0.610429 0.474447 0.746384 0.372696 0.833793 0.543309 0.126864 0.856304 0.792559 0.924045 0.424517 0.947280 0.551790 0.881315 0.788227 0.420759 0.498950 0.739628 0.711185 0.405516 0.443492 0.530266 0.646229 0.913150 0.434022 0.555848 0.837570 0.461720 0.166659 0.628159 0.446188 0.921109 0.572113 0.442063 0.450047 0.803955 0.318963 
0.216272 50.490512 0.505347 0.474361 0.432620 0.563797 0.629414 0.246673 0.451251 0.745476 0.395552 0.374250 0.679328 0.208457 0.654191 0.824837 0.392793 0.823807 0.432084 0.838991 0.455097 0.166914 0.054102 0.653399 0.444094 0.679375 0.772980 0.515360 0.684502 0.873086 0.457109 0.390604 0.555522 0.382617 0.837699 0.387902 0.234093 0.427510 0.400486 0.432897 0.836197 0.677264 0.240260 0.340915 0.672637 0.445719 0.362097 0.506783 0.907210 0.604737 
0.804506 0.505347 50.817842 0.602910 0.698543 0.812960 0.611551 0.435107 0.550532 0.489400 0.722765 0.322376 0.340135 0.228085 0.568535 0.355492 0.510843 0.344159 0.089633 0.719822 0.225892 0.592451 0.550011 0.493627 0.556345 0.469239 0.724199 0.463666 0.596129 0.176095 0.384049 0.607163 0.131440 0.491712 0.571021 0.336199 0.612383 0.606173 0.676277 0.761684 0.512739 0.705145 0.683841 0.659423 0.864585 0.302638 0.457638 0.276954 0.743431 0.267351 
0.413745 0.474361 0.602910 50.029506 0.743660 0.771520 0.619129 0.711915 0.498710 0.330776 0.250231 0.718288 0.372546 0.786810 0.608353 0.533850 0.507432 0.451398 0.517350 0.242607 0.489905 0.457041 0.453924 0.258802 0.352806 0.518093 0.422561 0.286783 0.508174 0.124833 0.206070 0.565469 0.835417 0.302222 0.575910 0.594496 0.258717 0.558339 0.493888 0.298833 0.783390 0.251982 0.870489 0.461525 0.489437 0.711577 0.596315 0.516868 0.488022 0.364384 
0.455648 0.432620 0.698543 0.743660 50.792375 0.539210 0.529352 0.184316 0.201445 0.214220 0.641651 0.603633 0.739444 0.905324 0.911087 0.805234 0.631147 0.251953 0.659556 0.343801 0.719146 0.351503 0.841547 0.662153 0.573432 0.233514 0.361142 0.506608 0.758621 0.506264 0.687126 0.775156 0.423574 0.345309 0.654530 0.404964 0.660586 0.571964 0.126003 0.360482 0.788710 0.449181 0.857044 0.776209 0.135154 0.259601 0.740096 0.669406 0.770859 0.146856 
0.582180 0.563797 0.812960 0.771520 0.539210 50.912697 0.564422 0.816563 0.624641 0.353409 0.724514 0.292049 0.794067 0.535014 0.122216 0.787410 0.650644 0.202666 0.584971 0.610092 0.732585 0.413126 0.710816 0.874258 0.657014 0.777246 0.395369 0.440077 0.561346 0.291611 0.329940 0.313007 0.529017 0.477617 0.805494 0.671536 0.389462 0.591160 0.309566 0.632453 0.884998 0.573998 0.530474 0.648763 0.396652 0.309561 0.644525 0.097796 0.408115 0.720964 
0.649537 0.629414 0.611551 0.619129 0.529352 0.564422 50.273960 0.446852 0.217627 0.390872 0.607792 0.642950 0.739567 0.872004 0.348094 0.601088 0.269274 0.374673 0.740846 0.707632 0.388404 0.502757 0.367101 0.493323 0.204594 0.048703 0.577906 0.577154 0.235245 0.577192 0.483009 0.341744 0.289392 0.356152 0.437209 0.549319 0.531950 0.218265 0.399200 0.391973 0.285663 0.515864 0.563312 0.164050 0.156866 0.260105 0.368622 0.137958 0.474439 0.438324 
0.524206 0.246673 0.435107 0.711915 0.184316 0.816563 0.446852 50.416941 0.411175 0.439961 0.381829 0.110560 0.762302 0.087762 0.574549 0.601093 0.609327 0.215467 0.564254 0.203855 0.581097 0.632757 0.513960 0.302821 0.349357 0.477916 0.648212 0.770697 0.466390 0.935079 0.730173 0.302876 0.550576 0.199218 0.472290 0.181087 0.231248 0.502550 0.797326 0.489726 0.654663 0.264508 0.335921 0.314639 0.754637 0.765163 0.261088 0.587297 0.212927 0.763450 
0.614187 0.451251 0.550532 0.498710 0.201445 0.624641 0.217627 0.411175 50.480695 0.538353 0.335780 0.345019 0.801872 0.326239 0.480273 0.307658 0.269181 0.152019 0.420583 0.444417 0.876269 0.733635 0.493884 0.430420 0.389690 0.503438 0.238649 0.685970 0.217491 0.377054 0.575973 0.829583 0.874300 0.469392 0.644324 0.216996 0.449155 0.799173 0.678389 0.620355 0.591521 0.470885 0.751832 0.986819 0.359728 0.417559 0.361977 0.367330 0.506895 0.723049 
0.401899 0.745476 0.489400 0.330776 0.214220 0.353409 0.390872 0.439961 0.538353 50.528938 0.476400 0.287276 0.219513 0.322826 0.752982 0.152151 0.857472 0.543320 0.423019 0.349739 0.400946 0.302979 0.810552 0.643626 0.471663 0.827556 0.442938 0.412314 0.374800 0.285252 0.615113 0.526621 0.315724 0.553023 0.441210 0.100103 0.448438 0.481219 0.775345 0.705084 0.557570 0.529523 0.454745 0.643958 0.604360 0.530392 0.601367 0.724199 0.251514 0.378046 
0.209413 0.395552 0.722765 0.250231 0.641651 0.724514 0.607792 0.381829 0.335780 0.476400 50.073227 0.725263 0.424166 0.607275 0.692700 0.422353 0.540612 0.137544 0.326826 0.383922 0.707567 0.576375 0.718056 0.492980 0.502059 0.461010 0.363798 0.532599 0.607242 0.481926 0.555307 0.584429 0.642977 0.350086 0.219673 0.425833 0.791666 0.629309 0.836711 0.421299 0.623790 0.685090 0.460111 0.443463 0.614800 0.535043 0.431582 0.640022 0.511078 0.525424 
0.176620 0.374250 0.322376 0.718288 0.603633 0.292049 0.642950 0.110560 0.345019 0.287276 0.725263 50.342343 0.292736 0.426431 0.496268 0.409115 0.578852 0.127781 0.674151 0.252889 0.621312 0.480931 0.794441 0.213489 0.413213 0.674757 0.501917 0.365659 0.624327 0.471850 0.012780 0.744329 0.455931 0.433514 0.556472 0.310477 0.490873 0.597463 0.706046 0.637361 0.224267 0.734091 0.584773 0.526147 0.104835 0.348363 0.587511 0.679660 0.517059 0.443406 
0.603498 0.679328 0.340135 0.372546 0.739444 0.794067 0.739567 0.762302 0.801872 0.219513 0.424166 0.292736 50.442609 0.650551 0.354283 0.553405 0.391383 0.523125 0.469814 0.290929 0.320937 0.478132 0.532489 0.402041 0.558046 0.295157 0.354163 0.413603 0.415418 0.311599 0.446469 0.502894 0.122406 0.440897 0.273476 0.830960 0.307830 0.716388 0.543659 0.369823 0.358609 0.312491 0.322166 0.645880 0.630330 0.731741 0.109169 0.455027 0.443088 0.390115 
0.610429 0.208457 0.228085 0.786810 0.905324 0.535014 0.872004 0.087762 0.326239 0.322826 0.607275 0.426431 0.650551 50.340242 0.541919 0.396398 0.111366 0.535402 0.633274 0.521800 0.589451 0.124792 0.778717 0.669674 0.507758 0.547129 0.332517 0.250801 0.412089 0.827762 0.340478 0.709825 0.604557 0.772244 0.512754 0.080963 0.791337 0.368830 0.297308 0.310358 0.296295 0.386604 0.543267 0.531036 0.382797 0.756513 0.540251 0.500806 0.805213 0.787987 
0.474447 0.654191 0.568535 0.608353 0.911087 0.122216 0.348094 0.574549 0.480273 0.752982 0.692700 0.496268 0.354283 0.541919 50.223014 0.610785 0.455352 0.580968 0.363034 0.327813 0.320736 0.659318 0.927588 0.716731 0.623525 0.268112 0.353629 0.718893 0.253254 0.889089 0.581345 0.435717 0.415780 0.869436 0.671088 0.553191 0.022949 0.765624 0.609021 0.865164 0.489940 0.668961 0.327747 0.453752 0.743813 0.862371 0.542840 0.160505 0.458750 0.583225 
0.746384 0.824837 0.355492 0.533850 0.805234 0.787410 0.601088 0.601093 0.307658 0.152151 0.422353 0.409115 0.553405 0.396398 0.610785 50.973154 0.467120 0.749417 0.533117 0.496565 0.613811 0.520080 0.583552 0.364085 0.815647 0.444289 0.438154 0.450863 0.176486 0.521009 0.155208 0.471087 0.670000 0.414273 0.502145 0.474897 0.460826 0.548657 0.325349 0.432039 0.609810 0.268514 0.665193 0.602039 0.505583 0.529038 0.282433 0.141360 0.616593 0.269137 
0.372696 0.392793 0.510843 0.507432 0.631147 0.650644 0.269274 0.609327 0.269181 0.857472 0.540612 0.578852 0.391383 0.111366 0.455352 0.467120 50.057533 0.324842 0.281287 0.930766 0.711399 0.722761 0.218363 0.932348 0.590094 0.550995 0.082695 0.493865 0.846568 0.301633 0.219973 0.213806 0.287931 0.455717 0.118776 0.358754 0.749698 0.577290 0.417285 0.525132 0.077451 0.469248 0.290896 0.729792 0.501053 0.535389 0.570469 0.457497 0.719444 0.329201 
0.833793 0.823807 0.344159 0.451398 0.251953 0.202666 0.374673 0.215467 0.152019 0.543320 0.137544 0.127781 0.523125 0.535402 0.580968 0.749417 0.324842 50.324550 0.578330 0.846834 0.913849 0.708064 0.584196 0.593592 0.918318 0.441132 0.244492 0.561807 0.351325 0.460002 0.939722 0.297819 0.907412 0.732793 0.673067 0.748284 0.743748 0.466270 0.193276 0.844259 0.660612 0.566330 0.514249 0.537282 0.284770 0.616660 0.560828 0.127139 0.325734 0.143260 
0.543309 0.432084 0.089633 0.517350 0.659556 0.584971 0.740846 0.564254 0.420583 0.423019 0.326826 0.674151 0.469814 0.633274 0.363034 0.533117 0.281287 0.578330 50.806188 0.576415 0.338986 0.453522 0.212699 0.763546 0.477042 0.702228 0.880129 0.624661 0.454732 0.484186 0.532903 0.706822 0.750259 0.426784 0.735566 0.335511 0.729223 0.249552 0.598461 0.664922 0.430038 0.734201 0.478174 0.775168 0.564993 0.544755 0.478255 0.427564 0.683918 0.903863 
0.126864 0.838991 0.719822 0.242607 0.343801 0.610092 0.707632 0.203855 0.444417 0.349739 0.383922 0.252889 0.290929 0.521800 0.327813 0.496565 0.930766 0.846834 0.576415 50.659769 0.595190 0.332707 0.034614 0.733014 0.189276 0.376916 0.533896 0.362625 0.518064 0.514771 0.149545 0.454579 0.250931 0.578357 0.585407 0.655750 0.617116 0.174643 0.477944 0.311935 0.276639 0.424730 0.467945 0.376427 0.162009 0.371855 0.744131 0.563721 0.508902 0.768619 
0.856304 0.455097 0.225892 0.489905 0.719146 0.732585 0.388404 0.581097 0.876269 0.400946 0.707567 0.621312 0.320937 0.589451 0.320736 0.613811 0.711399 0.913849 0.338986 0.595190 50.290660 0.492996 0.534061 0.024985 0.672422 0.391566 0.177391 0.437896 0.856494 0.533951 0.291181 0.471727 0.623771 0.806724 0.643197 0.490516 0.566027 0.318938 0.207011 0.479086 0.194668 0.553540 0.088916 0.437690 0.386162 0.289567 0.189288 0.527067 0.246010 0.651153 
0.792559 0.166914 0.592451 0.457041 0.351503 0.413126 0.502757 0.632757 0.733635 0.302979 0.576375 0.480931 0.478132 0.124792 0.659318 0.520080 0.722761 0.708064 0.453522 0.332707 0.492996 50.294863 0.555613 0.320814 0.601328 0.515853 0.827293 0.352618 0.452463 0.772789 0.583719 0.446286 0.558554 0.452345 0.689693 0.644472 0.358885 0.510298 0.734113 0.749850 0.621240 0.102049 0.363417 0.300343 0.251061 0.955543 0.757187 0.922135 0.300570 0.550826 
0.924045 0.054102 0.550011 0.453924 0.841547 0.710816 0.367101 0.513960 0.493884 0.810552 0.718056 0.794441 0.532489 0.778717 0.927588 0.583552 0.218363 0.584196 0.212699 0.034614 0.534061 0.555613 50.331540 0.682151 0.888801 0.654948 0.290979 0.283688 0.585729 0.493607 0.509469 0.362474 0.700626 0.624842 0.637971 0.540108 0.407082 0.541818 0.679027 0.443479 0.268217 0.923666 0.691370 0.178307 0.818291 0.497464 0.374347 0.510253 0.548996 0.559018 
0.424517 0.653399 0.493627 0.258802 0.662153 0.874258 0.493323 0.302821 0.430420 0.643626 0.492980 0.213489 0.402041 0.669674 0.716731 0.364085 0.932348 0.593592 0.763546 0.733014 0.024985 0.320814 0.682151 50.447393 0.577731 0.737926 0.388194 0.288986 0.594011 0.543245 0.204798 0.229203 0.693757 0.696066 0.383076 0.131830 0.089594 0.395037 0.764397 0.348639 0.069557 0.741214 0.382339 0.389992 0.272717 0.476913 0.163060 0.287662 0.253749 0.303804 
0.947280 0.444094 0.556345 0.352806 0.573432 0.657014 0.204594 0.349357 0.389690 0.471663 0.502059 0.413213 0.558046 0.507758 0.623525 0.815647 0.590094 0.918318 0.477042 0.189276 0.672422 0.601328 0.888801 0.577731 50.499650 0.464138 0.802955 0.203270 0.468838 0.242264 0.426372 0.288453 0.408291 0.585872 0.740192 0.384705 0.438677 0.466474 0.196638 0.172345 0.482532 0.313132 0.481156 0.566794 0.747210 0.476094 0.168990 0.503484 0.122651 0.264152 
0.551790 0.679375 0.469239 0.518093 0.233514 0.777246 0.048703 0.477916 0.503438 0.827556 0.461010 0.674757 0.295157 0.547129 0.268112 0.444289 0.550995 0.441132 0.702228 0.376916 0.391566 0.515853 0.654948 0.737926 0.464138 50.690339 0.189193 0.255309 0.272600 0.301722 0.489201 0.406262 0.222060 0.279503 0.588888 0.616832 0.866655 0.588027 0.727254 0.711277 0.476798 0.545616 0.536065 0.484136 0.305419 0.552107 0.151253 0.457902 0.469138 0.821572 
0.881315 0.772980 0.724199 0.422561 0.361142 0.395369 0.577906 0.648212 0.238649 0.442938 0.363798 0.501917 0.354163 0.332517 0.353629 0.438154 0.082695 0.244492 0.880129 0.533896 0.177391 0.827293 0.290979 0.388194 0.802955 0.189193 50.057828 0.241581 0.115138 0.303903 0.184462 0.102192 0.166152 0.596668 0.436142 0.648722 0.554397 0.364018 0.759805 0.586777 0.438103 0.531800 0.361673 0.442482 0.484194 0.783083 0.439013 0.451428 0.281688 0.569496 
0.788227 0.515360 0.463666 0.286783 0.506608 0.440077 0.577154 0.770697 0.685970 0.412314 0.532599 0.365659 0.413603 0.250801 0.718893 0.450863 0.493865 0.561807 0.624661 0.362625 0.437896 0.352618 0.283688 0.288986 0.203270 0.255309 0.241581 50.537150 0.304811 0.564262 0.657274 0.577360 0.619639 0.158610 0.688484 0.737555 0.548460 0.200543 0.468342 0.147522 0.747642 0.416986 0.300438 0.493565 0.148867 0.600596 0.725495 0.610552 0.408084 0.748744 
0.420759 0.684502 0.596129 0.508174 0.758621 0.561346 0.235245 0.466390 0.217491 0.374800 0.607242 0.624327 0.415418 0.412089 0.253254 0.176486 0.846568 0.351325 0.454732 0.518064 0.856494 0.452463 0.585729 0.594011 0.468838 0.272600 0.115138 0.304811 50.219501 0.521214 0.207010 0.643835 0.845708 0.288103 0.507201 0.568556 0.421142 0.170886 0.683287 0.189727 0.420564 0.272028 0.315350 0.443854 0.372634 0.609208 0.551687 0.510177 0.807969 0.189134 
0.498950 0.873086 0.176095 0.124833 0.506264 0.291611 0.577192 0.935079 0.377054 0.285252 0.481926 0.471850 0.311599 0.827762 0.889089 0.521009 0.301633 0.460002 0.484186 0.514771 0.533951 0.772789 0.493607 0.543245 0.242264 0.301722 0.303903 0.564262 0.521214 50.531289 0.717886 0.292698 0.553006 0.661426 0.383370 0.315925 0.459237 0.674578 0.466437 0.212452 0.508195 0.113042 0.313178 0.279848 0.598160 0.854066 0.612895 0.285253 0.834120 0.553923 
0.739628 0.457109 0.384049 0.206070 0.687126 0.329940 0.483009 0.730173 0.575973 0.615113 0.555307 0.012780 0.446469 0.340478 0.581345 0.155208 0.219973 0.939722 0.532903 0.149545 0.291181 0.583719 0.509469 0.204798 0.426372 0.489201 0.184462 0.657274 0.207010 0.717886 50.861088 0.685910 0.151867 0.638128 0.466743 0.744459 0.708280 0.795347 0.507965 0.252894 0.859315 0.133352 0.372474 0.805703 0.634773 0.503209 0.377433 0.808608 0.565932 0.722374 
0.711185 0.390604 0.607163 0.565469 0.775156 0.313007 0.341744 0.302876 0.829583 0.526621 0.584429 0.744329 0.502894 0.709825 0.435717 0.471087 0.213806 0.297819 0.706822 0.454579 0.471727 0.446286 0.362474 0.229203 0.288453 0.406262 0.102192 0.577360 0.643835 0.292698 0.685910 50.982049 0.550837 0.554967 0.549990 0.355434 0.831478 0.781772 0.209911 0.495600 0.217824 0.432338 0.217653 0.418073 0.620424 0.881110 0.721472 0.247246 0.445265 0.532186 
0.405516 0.555522 0.131440 0.835417 0.423574 0.529017 0.289392 0.550576 0.874300 0.315724 0.642977 0.455931 0.122406 0.604557 0.415780 0.670000 0.287931 0.907412 0.750259 0.250931 0.623771 0.558554 0.700626 0.693757 0.408291 0.222060 0.166152 0.619639 0.845708 0.553006 0.151867 0.550837 50.000133 0.193170 0.609566 0.784353 0.698474 0.618335 0.620563 0.270568 0.527478 0.559426 0.345762 0.798100 0.512492 0.547770 0.530805 0.142762 0.491487 0.299714 
0.443492 0.382617 0.491712 0.302222 0.345309 0.477617 0.356152 0.199218 0.469392 0.553023 0.350086 0.433514 0.440897 0.772244 0.869436 0.414273 0.455717 0.732793 0.426784 0.578357 0.806724 0.452345 0.624842 0.696066 0.585872 0.279503 0.596668 0.158610 0.288103 0.661426 0.638128 0.554967 0.193170 50.199584 0.091744 0.662048 0.614573 0.716365 0.752896 0.575481 0.261425 0.359984 0.200408 0.677180 0.269457 0.631932 0.178821 0.663864 0.169464 0.511261 
0.530266 0.837699 0.571021 0.575910 0.654530 0.805494 0.437209 0.472290 0.644324 0.441210 0.219673 0.556472 0.273476 0.512754 0.671088 0.502145 0.118776 0.673067 0.735566 0.585407 0.643197 0.689693 0.637971 0.383076 0.740192 0.588888 0.436142 0.688484 0.507201 0.383370 0.466743 0.549990 0.609566 0.091744 50.009024 0.559450 0.398559 0.757743 0.774075 0.203318 0.374689 0.767193 0.502939 0.325103 0.427910 0.318204 0.502923 0.359017 0.131073 0.308728 
0.646229 0.387902 0.336199 0.594496 0.404964 0.671536 0.549319 0.181087 0.216996 0.100103 0.425833 0.310477 0.830960 0.080963 0.553191 0.474897 0.358754 0.748284 0.335511 0.655750 0.490516 0.644472 0.540108 0.131830 0.384705 0.616832 0.648722 0.737555 0.568556 0.315925 0.744459 0.355434 0.784353 0.662048 0.559450 50.750147 0.296379 0.703624 0.662477 0.306076 0.118675 0.654540 0.317918 0.754792 0.760832 0.580187 0.419676 0.690182 0.492069 0.200458 
0.913150 0.234093 0.612383 0.258717 0.660586 0.389462 0.531950 0.231248 0.449155 0.448438 0.791666 0.490873 0.307830 0.791337 0.022949 0.460826 0.749698 0.743748 0.729223 0.617116 0.566027 0.358885 0.407082 0.089594 0.438677 0.866655 0.554397 0.548460 0.421142 0.459237 0.708280 0.831478 0.698474 0.614573 0.398559 0.296379 50.507674 0.373446 0.346562 0.622830 0.569974 0.695156 0.557255 0.740794 0.326472 0.490630 0.426382 0.436756 0.643062 0.493083 
0.434022 0.427510 0.606173 0.558339 0.571964 0.591160 0.218265 0.502550 0.799173 0.481219 0.629309 0.597463 0.716388 0.368830 0.765624 0.548657 0.577290 0.466270 0.249552 0.174643 0.318938 0.510298 0.541818 0.395037 0.466474 0.588027 0.364018 0.200543 0.170886 0.674578 0.795347 0.781772 0.618335 0.716365 0.757743 0.703624 0.373446 50.797794 0.781567 0.254461 0.295066 0.159938 0.547085 0.224443 0.440388 0.704390 0.244817 0.613701 0.092026 0.476500 
0.555848 0.400486 0.676277 0.493888 0.126003 0.309566 0.399200 0.797326 0.678389 0.775345 0.836711 0.706046 0.543659 0.297308 0.609021 0.325349 0.417285 0.193276 0.598461 0.477944 0.207011 0.734113 0.679027 0.764397 0.196638 0.727254 0.759805 0.468342 0.683287 0.466437 0.507965 0.209911 0.620563 0.752896 0.774075 0.662477 0.346562 0.781567 50.335098 0.468417 0.724885 0.806721 0.562513 0.742414 0.266172 0.426869 0.691226 0.682282 0.509017 0.444542 
0.837570 0.432897 0.761684 0.298833 0.360482 0.632453 0.391973 0.489726 0.620355 0.705084 0.421299 0.637361 0.369823 0.310358 0.865164 0.432039 0.525132 0.844259 0.664922 0.311935 0.479086 0.749850 0.443479 0.348639 0.172345 0.711277 0.586777 0.147522 0.189727 0.212452 0.252894 0.495600 0.270568 0.575481 0.203318 0.306076 0.622830 0.254461 0.468417 50.304403 0.518080 0.628042 0.378761 0.533494 0.832311 0.874761 0.193559 0.672899 0.801658 0.631941 
0.461720 0.836197 0.512739 0.783390 0.788710 0.884998 0.285663 0.654663 0.591521 0.557570 0.623790 0.224267 0.358609 0.296295 0.489940 0.609810 0.077451 0.660612 0.430038 0.276639 0.194668 0.621240 0.268217 0.069557 0.482532 0.476798 0.438103 0.747642 0.420564 0.508195 0.859315 0.217824 0.527478 0.261425 0.374689 0.118675 0.569974 0.295066 0.724885 0.518080 50.770644 0.595794 0.367561 0.577313 0.179182 0.453111 0.404886 0.463898 0.601866 0.580800 
0.166659 0.677264 0.705145 0.251982 0.449181 0.573998 0.515864 0.264508 0.470885 0.529523 0.685090 0.734091 0.312491 0.386604 0.668961 0.268514 0.469248 0.566330 0.734201 0.424730 0.553540 0.102049 0.923666 0.741214 0.313132 0.545616 0.531800 0.416986 0.272028 0.113042 0.133352 0.432338 0.559426 0.359984 0.767193 0.654540 0.695156 0.159938 0.806721 0.628042 0.595794 50.279210 0.466063 0.492350 0.512661 0.513209 0.797768 0.746973 0.820274 0.652423 
0.628159 0.240260 0.683841 0.870489 0.857044 0.530474 0.563312 0.335921 0.751832 0.454745 0.460111 0.584773 0.322166 0.543267 0.327747 0.665193 0.290896 0.514249 0.478174 0.467945 0.088916 0.363417 0.691370 0.382339 0.481156 0.536065 0.361673 0.300438 0.315350 0.313178 0.372474 0.217653 0.345762 0.200408 0.502939 0.317918 0.557255 0.547085 0.562513 0.378761 0.367561 0.466063 50.935987 0.401517 0.684620 0.283578 0.761634 0.357922 0.508566 0.573361 
0.446188 0.340915 0.659423 0.461525 0.776209 0.648763 0.164050 0.314639 0.986819 0.643958 0.443463 0.526147 0.645880 0.531036 0.453752 0.602039 0.729792 0.537282 0.775168 0.376427 0.437690 0.300343 0.178307 0.389992 0.566794 0.484136 0.442482 0.493565 0.443854 0.279848 0.805703 0.418073 0.798100 0.677180 0.325103 0.754792 0.740794 0.224443 0.742414 0.533494 0.577313 0.492350 0.401517 50.878455 0.813512 0.246928 0.392397 0.652773 0.309481 0.696512 
0.921109 0.672637 0.864585 0.489437 0.135154 0.396652 0.156866 0.754637 0.359728 0.604360 0.614800 0.104835 0.630330 0.382797 0.743813 0.505583 0.501053 0.284770 0.564993 0.162009 0.386162 0.251061 0.818291 0.272717 0.747210 0.305419 0.484194 0.148867 0.372634 0.598160 0.634773 0.620424 0.512492 0.269457 0.427910 0.760832 0.326472 0.440388 0.266172 0.832311 0.179182 0.512661 0.684620 0.813512 50.063482 0.448117 0.798595 0.716336 0.656415 0.806998 
0.572113 0.445719 0.302638 0.711577 0.259601 0.309561 0.260105 0.765163 0.417559 0.530392 0.535043 0.348363 0.731741 0.756513 0.862371 0.529038 0.535389 0.616660 0.544755 0.371855 0.289567 0.955543 0.497464 0.476913 0.476094 0.552107 0.783083 0.600596 0.609208 0.854066 0.503209 0.881110 0.547770 0.631932 0.318204 0.580187 0.490630 0.704390 0.426869 0.874761 0.453111 0.513209 0.283578 0.246928 0.448117 50.105101 0.901321 0.572795 0.727976 0.634097 
0.442063 0.362097 0.457638 0.596315 0.740096 0.644525 0.368622 0.261088 0.361977 0.601367 0.431582 0.587511 0.109169 0.540251 0.542840 0.282433 0.570469 0.560828 0.478255 0.744131 0.189288 0.757187 0.374347 0.163060 0.168990 0.151253 0.439013 0.725495 0.551687 0.612895 0.377433 0.721472 0.530805 0.178821 0.502923 0.419676 0.426382 0.244817 0.691226 0.193559 0.404886 0.797768 0.761634 0.392397 0.798595 0.901321 50.120188 0.487848 0.280242 0.453045 
0.450047 0.506783 0.276954 0.516868 0.669406 0.097796 0.137958 0.587297 0.367330 0.724199 0.640022 0.679660 0.455027 0.500806 0.160505 0.141360 0.457497 0.127139 0.427564 0.563721 0.527067 0.922135 0.510253 0.287662 0.503484 0.457902 0.451428 0.610552 0.510177 0.285253 0.808608 0.247246 0.142762 0.663864 0.359017 0.690182 0.436756 0.613701 0.682282 0.672899 0.463898 0.746973 0.357922 0.652773 0.716336 0.572795 0.487848 50.917394 0.334396 0.533625 
0.803955 0.907210 0.743431 0.488022 0.770859 0.408115 0.474439 0.212927 0.506895 0.251514 0.511078 0.517059 0.443088 0.805213 0.458750 0.616593 0.719444 0.325734 0.683918 0.508902 0.246010 0.300570 0.548996 0.253749 0.122651 0.469138 0.281688 0.408084 0.807969 0.834120 0.565932 0.445265 0.491487 0.169464 0.131073 0.492069 0.643062 0.092026 0.509017 0.801658 0.601866 0.820274 0.508566 0.309481 0.656415 0.727976 0.280242 0.334396 50.519659 0.800561 
0.318963 0.604737 0.267351 0.364384 0.146856 0.720964 0.438324 0.763450 0.723049 0.378046 0.525424 0.443406 0.390115 0.787987 0.583225 0.269137 0.329201 0.143260 0.903863 0.768619 0.651153 0.550826 0.559018 0.303804 0.264152 0.821572 0.569496 0.748744 0.189134 0.553923 0.722374 0.532186 0.299714 0.511261 0.308728 0.200458 0.493083 0.476500 0.444542 0.631941 0.580800 0.652423 0.573361 0.696512 0.806998 0.634097 0.453045 0.533625 0.800561 50.025492 
