10
10.2760    0.7155    0.7479    0.2571    0.0974    0.3303    0.7051    0.2235    0.5083    0.5384
0.7155   10.2551    0.3801    0.7650    0.4724    0.8768    0.3155    0.5503    0.5300    0.4398
0.7479    0.3801   10.8143    0.4144    0.7300    0.3306    0.2128    0.1279    0.3989    0.4121
0.2571    0.7650    0.4144   10.5497    0.8482    0.4072    0.8353    0.7643    0.3221    0.5405
0.0974    0.4724    0.7300    0.8482   10.9340    0.1478    0.3606    0.6433    0.0787    0.3695
0.3303    0.8768    0.3306    0.4072    0.1478   10.6020    0.5444    0.7614    0.4126    0.4121
0.7051    0.3155    0.2128    0.8353    0.3606    0.5444   10.5383    0.5403    0.4737    0.3413
0.2235    0.5503    0.1279    0.7643    0.6433    0.7614    0.5403   10.3998    0.4198    0.4617
0.5083    0.5300    0.3989    0.3221    0.0787    0.4126    0.4737    0.4198   10.5499    0.1644
0.5384    0.4398    0.4121    0.5405    0.3695    0.4121    0.3413    0.4617    0.1644   10.2400
