20
20.233686 0.919457 0.786365 0.613626 0.333414 0.551110 0.559691 0.551812 0.551272 0.545710 0.567881 0.810100 0.448359 0.463058 0.494159 0.738384 0.490789 0.544961 0.451832 0.265623 
0.919457 20.129060 0.569016 0.223132 0.430168 0.219207 0.467510 0.361237 0.106601 0.520611 0.409186 0.601407 0.961074 0.506291 0.403406 0.785059 0.511695 0.248112 0.330204 0.561576 
0.786365 0.569016 20.796108 0.842908 0.516996 0.616052 0.594610 0.490931 0.471785 0.539894 0.501528 0.394678 0.335921 0.188004 0.668341 0.451822 0.681215 0.296610 0.342047 0.642920 
0.613626 0.223132 0.842908 20.301836 0.570804 0.884951 0.390935 0.911582 0.582229 0.309860 0.691918 0.378254 0.173416 0.435187 0.265645 0.377435 0.354581 0.706195 0.580773 0.328262 
0.333414 0.430168 0.516996 0.570804 20.328917 0.740692 0.223523 0.300528 0.634307 0.302776 0.057947 0.642676 0.546822 0.550553 0.488308 0.480089 0.325643 0.832538 0.712711 0.309079 
0.551110 0.219207 0.616052 0.884951 0.740692 20.817646 0.594666 0.834632 0.377984 0.268614 0.421610 0.459426 0.103141 0.259862 0.272296 0.315921 0.355334 0.646915 0.780408 0.459169 
0.559691 0.467510 0.594610 0.390935 0.223523 0.594666 20.384165 0.502903 0.614944 0.311436 0.276573 0.667268 0.284422 0.483340 0.143902 0.514679 0.347948 0.286849 0.374459 0.317103 
0.551812 0.361237 0.490931 0.911582 0.300528 0.834632 0.502903 20.524301 0.259469 0.350514 0.728073 0.673475 0.307339 0.524426 0.406062 0.701844 0.787570 0.258369 0.439732 0.370599 
0.551272 0.106601 0.471785 0.582229 0.634307 0.377984 0.614944 0.259469 20.444139 0.650323 0.448917 0.331964 0.656890 0.928064 0.727625 0.652586 0.782560 0.400529 0.121984 0.503288 
0.545710 0.520611 0.539894 0.309860 0.302776 0.268614 0.311436 0.350514 0.650323 20.926744 0.582698 0.622597 0.361506 0.450531 0.562419 0.566413 0.735348 0.110320 0.543628 0.692723 
0.567881 0.409186 0.501528 0.691918 0.057947 0.421610 0.276573 0.728073 0.448917 0.582698 20.607156 0.112496 0.305811 0.439945 0.753358 0.309822 0.425895 0.643396 0.269710 0.747399 
0.810100 0.601407 0.394678 0.378254 0.642676 0.459426 0.667268 0.673475 0.331964 0.622597 0.112496 20.593066 0.662475 0.454104 0.481645 0.234724 0.604958 0.444619 0.389118 0.639129 
0.448359 0.961074 0.335921 0.173416 0.546822 0.103141 0.284422 0.307339 0.656890 0.361506 0.305811 0.662475 20.085334 0.326409 0.807326 0.235153 0.522297 0.642308 0.664489 0.420414 
0.463058 0.506291 0.188004 0.435187 0.550553 0.259862 0.483340 0.524426 0.928064 0.450531 0.439945 0.454104 0.326409 20.813111 0.690959 0.603737 0.398489 0.364515 0.407962 0.375697 
0.494159 0.403406 0.668341 0.265645 0.488308 0.272296 0.143902 0.406062 0.727625 0.562419 0.753358 0.481645 0.807326 0.690959 20.259131 0.616172 0.704183 0.454907 0.862256 0.671464 
0.738384 0.785059 0.451822 0.377435 0.480089 0.315921 0.514679 0.701844 0.652586 0.566413 0.309822 0.234724 0.235153 0.603737 0.616172 20.915859 0.439149 0.785022 0.249843 0.502329 
0.490789 0.511695 0.681215 0.354581 0.325643 0.355334 0.347948 0.787570 0.782560 0.735348 0.425895 0.604958 0.522297 0.398489 0.704183 0.439149 20.118007 0.784761 0.517710 0.743884 
0.544961 0.248112 0.296610 0.706195 0.832538 0.646915 0.286849 0.258369 0.400529 0.110320 0.643396 0.444619 0.642308 0.364515 0.454907 0.785022 0.784761 20.463419 0.521326 0.395458 
0.451832 0.330204 0.342047 0.580773 0.712711 0.780408 0.374459 0.439732 0.121984 0.543628 0.269710 0.389118 0.664489 0.407962 0.862256 0.249843 0.517710 0.521326 20.392261 0.539115 
0.265623 0.561576 0.642920 0.328262 0.309079 0.459169 0.317103 0.370599 0.503288 0.692723 0.747399 0.639129 0.420414 0.375697 0.671464 0.502329 0.743884 0.395458 0.539115 20.508895 
