100
100.093040 0.519996 0.476063 0.267929 0.608229 0.785544 0.645461 0.284568 0.509979 0.416768 0.790210 0.408149 0.478988 0.320377 0.357012 0.497267 0.238262 0.453928 0.742855 0.443618 0.438586 0.368643 0.792559 0.867138 0.457694 0.490888 0.519337 0.645305 0.613185 0.206879 0.672303 0.468751 0.279635 0.651191 0.389351 0.516575 0.445595 0.452496 0.775742 0.199636 0.529184 0.634158 0.530544 0.512298 0.832246 0.594390 0.435774 0.577792 0.772429 0.449274 0.336726 0.414576 0.578430 0.597033 0.273517 0.531507 0.398931 0.314327 0.658903 0.423805 0.547394 0.356664 0.734400 0.503588 0.191879 0.831033 0.253548 0.663376 0.405102 0.522972 0.525257 0.373215 0.838477 0.325803 0.668428 0.427796 0.523505 0.572518 0.499841 0.398968 0.180461 0.462814 0.154990 0.901579 0.065830 0.359429 0.262602 0.556215 0.760675 0.657969 0.249627 0.387630 0.361038 0.268598 0.646427 0.429703 0.614943 0.378866 0.412341 0.303776 
0.519996 100.731446 0.494622 0.400258 0.731046 0.176075 0.621568 0.481003 0.124976 0.485038 0.375976 0.738634 0.300496 0.368237 0.243710 0.652399 0.794834 0.212190 0.712896 0.267636 0.609171 0.314147 0.545920 0.517363 0.280093 0.263335 0.377752 0.680483 0.230612 0.594710 0.747493 0.344106 0.587557 0.470460 0.830266 0.311658 0.608823 0.520022 0.453092 0.456047 0.833535 0.332398 0.311842 0.716145 0.754222 0.460921 0.243986 0.527768 0.380977 0.027241 0.586129 0.471155 0.053753 0.579563 0.519597 0.172638 0.397781 0.049446 0.841270 0.423022 0.647210 0.155638 0.301555 0.651321 0.702981 0.886574 0.198626 0.558250 0.523964 0.739588 0.449203 0.134744 0.394513 0.403145 0.263409 0.763502 0.578561 0.753391 0.483629 0.323788 0.733592 0.498946 0.710202 0.388396 0.422649 0.623119 0.214183 0.474835 0.710093 0.487004 0.259869 0.666410 0.248309 0.546602 0.475844 0.251614 0.161657 0.616761 0.088919 0.608191 
0.476063 0.494622 100.115719 0.793643 0.557526 0.521224 0.448525 0.365100 0.797365 0.610365 0.628334 0.512715 0.403629 0.610973 0.501945 0.775605 0.794306 0.922352 0.490145 0.140461 0.661675 0.732804 0.589442 0.519475 0.578379 0.566761 0.838605 0.263140 0.411974 0.657601 0.712633 0.386161 0.195162 0.427496 0.466531 0.414190 0.106761 0.451385 0.778724 0.344618 0.465407 0.232813 0.158534 0.428124 0.539043 0.648065 0.137423 0.440849 0.739076 0.542576 0.604844 0.414148 0.377624 0.469850 0.565769 0.411508 0.561413 0.561760 0.542883 0.861045 0.087590 0.402375 0.634539 0.489323 0.379635 0.522315 0.376847 0.887709 0.658486 0.921477 0.621079 0.503573 0.818387 0.296640 0.359245 0.433190 0.164737 0.648816 0.866798 0.136308 0.429884 0.214235 0.209958 0.574964 0.259959 0.529814 0.711933 0.507330 0.760053 0.924549 0.517192 0.500678 0.682866 0.832879 0.233481 0.769708 0.766075 0.343650 0.549693 0.609934 
0.267929 0.400258 0.793643 100.599904 0.148873 0.477483 0.680480 0.364664 0.531902 0.476249 0.144959 0.377751 0.363996 0.270806 0.520179 0.752113 0.436307 0.537296 0.211804 0.315870 0.347171 0.406839 0.700484 0.733587 0.362709 0.791850 0.285538 0.236552 0.459600 0.323380 0.615170 0.534804 0.561216 0.586268 0.593330 0.348026 0.293842 0.555985 0.461056 0.485743 0.222663 0.735095 0.366057 0.375360 0.675415 0.770854 0.368948 0.206207 0.396199 0.295389 0.322797 0.423066 0.514035 0.710177 0.571282 0.735666 0.470243 0.543867 0.518555 0.566859 0.475320 0.150620 0.283116 0.599541 0.883075 0.629508 0.221886 0.340602 0.733862 0.458068 0.723783 0.475954 0.585161 0.305914 0.442084 0.511284 0.551471 0.564728 0.079759 0.701988 0.314695 0.226842 0.343957 0.159234 0.445116 0.917800 0.316621 0.612936 0.105380 0.493652 0.717997 0.752149 0.347126 0.459890 0.592811 0.406298 0.454831 0.523895 0.714382 0.073006 
0.608229 0.731046 0.557526 0.148873 100.698901 0.401603 0.718527 0.538228 0.462166 0.418002 0.221858 0.794922 0.189982 0.436100 0.268869 0.813317 0.563096 0.778815 0.606639 0.426722 0.791703 0.482672 0.683702 0.482931 0.083635 0.856249 0.584362 0.662687 0.883231 0.777815 0.591813 0.515767 0.352417 0.746151 0.697972 0.358957 0.453857 0.800186 0.955545 0.299959 0.229657 0.299022 0.343539 0.663141 0.182679 0.147195 0.423122 0.806675 0.730321 0.744374 0.304077 0.305260 0.307846 0.848835 0.544861 0.586696 0.380865 0.307280 0.428555 0.644040 0.680256 0.478173 0.783618 0.117517 0.025195 0.782742 0.827547 0.352657 0.215781 0.800797 0.595134 0.360277 0.413121 0.139878 0.658288 0.776950 0.420180 0.482136 0.582276 0.020674 0.429901 0.151222 0.233488 0.402502 0.490711 0.385130 0.749583 0.457731 0.550926 0.606216 0.662563 0.801978 0.610196 0.486729 0.130722 0.095560 0.413429 0.546919 0.788014 0.311815 
0.785544 0.176075 0.521224 0.477483 0.401603 100.502564 0.441374 0.728694 0.711993 0.595163 0.578379 0.528608 0.249269 0.489870 0.372486 0.355518 0.685896 0.512496 0.721426 0.173310 0.671713 0.774173 0.474649 0.666093 0.903990 0.187511 0.296653 0.735563 0.673363 0.855078 0.666160 0.439560 0.558499 0.280047 0.380563 0.638597 0.689137 0.544729 0.353535 0.490631 0.520893 0.761822 0.862458 0.275361 0.898170 0.246657 0.636104 0.464001 0.689836 0.586410 0.667924 0.706803 0.344458 0.495026 0.347136 0.458428 0.211876 0.264379 0.899158 0.710439 0.253264 0.631721 0.805143 0.300918 0.699937 0.513398 0.724366 0.543472 0.541158 0.626891 0.360090 0.352607 0.439878 0.724659 0.625999 0.743790 0.558122 0.532878 0.695487 0.793301 0.748065 0.238922 0.243047 0.733725 0.406278 0.146886 0.400163 0.264266 0.452985 0.709830 0.452756 0.866851 0.538661 0.553119 0.134504 0.429585 0.748665 0.539396 0.316937 0.362506 
0.645461 0.621568 0.448525 0.680480 0.718527 0.441374 100.220180 0.783968 0.230063 0.253398 0.573340 0.760347 0.372959 0.275544 0.672083 0.560732 0.295063 0.894539 0.481001 0.559082 0.395911 0.705000 0.658665 0.335053 0.642405 0.707340 0.628213 0.332321 0.556862 0.457439 0.962955 0.301782 0.588158 0.533127 0.361437 0.514586 0.591281 0.174239 0.720331 0.313723 0.555947 0.500306 0.570435 0.607365 0.142721 0.442911 0.602950 0.258270 0.747156 0.449301 0.678754 0.174385 0.581842 0.177971 0.469237 0.494406 0.432461 0.281557 0.861336 0.513575 0.637957 0.088218 0.836962 0.267890 0.132108 0.374569 0.614847 0.603652 0.252347 0.349887 0.669675 0.674013 0.666704 0.259097 0.410819 0.347482 0.596968 0.655786 0.363447 0.657880 0.539950 0.502113 0.216646 0.378117 0.682213 0.587277 0.405487 0.612729 0.118525 0.462987 0.460656 0.569349 0.622082 0.850533 0.847286 0.763081 0.498166 0.445194 0.455650 0.746678 
0.284568 0.481003 0.365100 0.364664 0.538228 0.728694 0.783968 100.743855 0.186686 0.395251 0.198187 0.301796 0.447233 0.324229 0.412312 0.446577 0.417444 0.381345 0.856778 0.398430 0.474693 0.334470 0.735434 0.512722 0.943740 0.464253 0.300381 0.526475 0.583385 0.573771 0.473181 0.332223 0.485111 0.160167 0.192148 0.491679 0.776485 0.409675 0.391052 0.244052 0.691903 0.582012 0.597245 0.142432 0.604364 0.197475 0.961414 0.313862 0.536002 0.476850 0.697407 0.788351 0.233586 0.516610 0.106108 0.547034 0.430515 0.762417 0.468527 0.510922 0.509394 0.671614 0.586916 0.449416 0.554876 0.706875 0.221547 0.442677 0.541788 0.455814 0.394073 0.548305 0.258789 0.548463 0.559984 0.254274 0.556942 0.303182 0.655845 0.169867 0.573675 0.571160 0.586026 0.415773 0.900713 0.687241 0.584069 0.439431 0.450461 0.593185 0.348540 0.517135 0.594872 0.355327 0.420132 0.554470 0.205673 0.475670 0.694227 0.865380 
0.509979 0.124976 0.797365 0.531902 0.462166 0.711993 0.230063 0.186686 100.455472 0.163028 0.321010 0.353256 0.535548 0.104471 0.620636 0.363592 0.111432 0.078365 0.886083 0.476940 0.380168 0.437627 0.401126 0.739491 0.651016 0.406502 0.731759 0.763850 0.716286 0.053053 0.600825 0.358946 0.077379 0.663706 0.309138 0.700769 0.719155 0.305473 0.432117 0.475236 0.320358 0.754034 0.387109 0.168801 0.768820 0.465365 0.588088 0.578872 0.050958 0.427733 0.467136 0.423871 0.428281 0.546255 0.821734 0.857860 0.373204 0.400487 0.581217 0.670415 0.888051 0.433494 0.564278 0.270168 0.338610 0.322191 0.756190 0.515585 0.471969 0.833621 0.796482 0.498543 0.412725 0.348562 0.289381 0.375196 0.633314 0.360570 0.822194 0.723654 0.835200 0.484426 0.385278 0.711911 0.653600 0.413583 0.394107 0.587505 0.774475 0.581124 0.198267 0.924867 0.486348 0.527686 0.515820 0.315138 0.111934 0.451022 0.710937 0.213138 
0.416768 0.485038 0.610365 0.476249 0.418002 0.595163 0.253398 0.395251 0.163028 100.887456 0.100731 0.461667 0.616132 0.838963 0.367300 0.759491 0.430397 0.165352 0.799317 0.595245 0.703090 0.597535 0.131132 0.247665 0.833197 0.399071 0.589049 0.391625 0.087146 0.437666 0.560802 0.330463 0.901156 0.627538 0.930108 0.603788 0.201756 0.501737 0.470510 0.647136 0.174925 0.482553 0.317655 0.494213 0.482944 0.276577 0.391561 0.512602 0.866910 0.368091 0.473202 0.787271 0.421496 0.679823 0.399975 0.028769 0.890689 0.370496 0.617430 0.417546 0.460343 0.202161 0.467708 0.465573 0.315149 0.378673 0.502995 0.845783 0.386941 0.767976 0.681844 0.498069 0.718238 0.282691 0.407353 0.445553 0.624298 0.718375 0.899191 0.176010 0.449351 0.499387 0.611567 0.528883 0.387765 0.509640 0.319570 0.572978 0.525047 0.598999 0.170778 0.489582 0.490926 0.387820 0.477933 0.332200 0.411011 0.441353 0.199640 0.391794 
0.790210 0.375976 0.628334 0.144959 0.221858 0.578379 0.573340 0.198187 0.321010 0.100731 100.391318 0.708259 0.376924 0.095013 0.835007 0.322661 0.723752 0.609144 0.457905 0.542085 0.603151 0.684879 0.441090 0.517938 0.296045 0.737744 0.796091 0.482015 0.267492 0.225341 0.347885 0.394364 0.264898 0.505077 0.376553 0.382868 0.766727 0.526155 0.912901 0.866321 0.443574 0.556928 0.126540 0.450828 0.494924 0.607729 0.475561 0.700899 0.362380 0.255353 0.068324 0.528919 0.639210 0.193236 0.565491 0.556271 0.193540 0.828345 0.419127 0.721190 0.784307 0.801375 0.447990 0.426326 0.372555 0.297189 0.180313 0.921973 0.440230 0.794273 0.092079 0.109160 0.930529 0.403280 0.821161 0.647061 0.219287 0.630776 0.436754 0.489018 0.575958 0.381950 0.561748 0.879646 0.590589 0.394822 0.822710 0.123719 0.617500 0.820838 0.723392 0.082348 0.638387 0.203558 0.493496 0.357423 0.644599 0.569750 0.492822 0.584604 
0.408149 0.738634 0.512715 0.377751 0.794922 0.528608 0.760347 0.301796 0.353256 0.461667 0.708259 100.644778 0.618264 0.748863 0.191331 0.571797 0.657816 0.410654 0.983995 0.520205 0.608284 0.647197 0.662302 0.587321 0.440081 0.904218 0.598002 0.561738 0.375372 0.365124 0.374963 0.602279 0.781861 0.427952 0.713461 0.450442 0.680752 0.350840 0.390173 0.175869 0.475098 0.444747 0.299253 0.830785 0.602729 0.372436 0.748460 0.863310 0.398041 0.486517 0.701081 0.362384 0.635300 0.576211 0.470644 0.616761 0.166729 0.676458 0.277509 0.504509 0.605502 0.106601 0.663987 0.223057 0.777515 0.357396 0.613840 0.869267 0.730840 0.289478 0.657189 0.452898 0.768802 0.147819 0.360201 0.172629 0.490311 0.365679 0.261827 0.630847 0.408375 0.225709 0.469471 0.078448 0.257452 0.661473 0.435878 0.898766 0.580189 0.391556 0.679875 0.080371 0.726099 0.373093 0.515328 0.387724 0.491585 0.321113 0.297466 0.828565 
0.478988 0.300496 0.403629 0.363996 0.189982 0.249269 0.372959 0.447233 0.535548 0.616132 0.376924 0.618264 100.156016 0.169099 0.821994 0.389169 0.469573 0.897153 0.629738 0.459254 0.533940 0.382326 0.889273 0.576909 0.546698 0.615768 0.679829 0.390595 0.599492 0.662946 0.486710 0.761222 0.749299 0.539762 0.754779 0.746711 0.567724 0.581333 0.407728 0.394776 0.392396 0.508750 0.725366 0.774322 0.485482 0.371862 0.670246 0.877054 0.451866 0.087343 0.195746 0.344586 0.687505 0.216742 0.286202 0.052416 0.049247 0.765966 0.358341 0.789820 0.502295 0.091246 0.575006 0.116777 0.269110 0.535197 0.139836 0.398885 0.157529 0.231634 0.705752 0.641650 0.573500 0.483336 0.369656 0.289871 0.342925 0.205566 0.228260 0.683133 0.267055 0.166664 0.191112 0.095347 0.512490 0.314554 0.551026 0.750293 0.284050 0.765475 0.641345 0.780207 0.761794 0.366509 0.855415 0.338621 0.714420 0.482628 0.688977 0.520020 
0.320377 0.368237 0.610973 0.270806 0.436100 0.489870 0.275544 0.324229 0.104471 0.838963 0.095013 0.748863 0.169099 100.609035 0.538694 0.503610 0.475587 0.846601 0.513037 0.483616 0.274277 0.598379 0.786380 0.426294 0.301942 0.290713 0.432748 0.368679 0.648073 0.722266 0.822560 0.272013 0.188452 0.447292 0.562705 0.691643 0.504839 0.276462 0.498371 0.695333 0.743602 0.287928 0.557580 0.552830 0.592807 0.622333 0.192093 0.845670 0.367862 0.517592 0.663647 0.611103 0.638181 0.402126 0.549042 0.419720 0.479955 0.334621 0.642140 0.277695 0.030516 0.723614 0.678110 0.960925 0.786600 0.722264 0.784120 0.878754 0.268503 0.783554 0.110714 0.093647 0.203306 0.586817 0.505136 0.128129 0.358812 0.672361 0.510026 0.888184 0.475980 0.429450 0.369088 0.858685 0.205519 0.325072 0.400623 0.676591 0.954358 0.232798 0.463897 0.542326 0.736622 0.327870 0.332861 0.187357 0.218823 0.940661 0.578569 0.325425 
0.357012 0.243710 0.501945 0.520179 0.268869 0.372486 0.672083 0.412312 0.620636 0.367300 0.835007 0.191331 0.821994 0.538694 100.429472 0.834376 0.340638 0.591021 0.374183 0.263066 0.100352 0.156882 0.354728 0.699417 0.807802 0.627930 0.133044 0.589897 0.540633 0.682987 0.977038 0.627218 0.275869 0.306564 0.222727 0.506957 0.521132 0.403094 0.344011 0.330677 0.433930 0.292102 0.771508 0.192727 0.523398 0.210872 0.740307 0.231033 0.174769 0.564652 0.476292 0.229473 0.591592 0.552876 0.540840 0.422439 0.519310 0.754446 0.545835 0.400594 0.599689 0.478029 0.567520 0.921106 0.593552 0.660791 0.502979 0.577134 0.475613 0.449772 0.345654 0.589899 0.241025 0.400827 0.896991 0.742336 0.218053 0.500001 0.084596 0.869940 0.418413 0.755886 0.779970 0.179149 0.665963 0.303372 0.824488 0.444053 0.427595 0.661453 0.383669 0.383876 0.480030 0.983294 0.686806 0.135649 0.428803 0.010638 0.666229 0.864845 
0.497267 0.652399 0.775605 0.752113 0.813317 0.355518 0.560732 0.446577 0.363592 0.759491 0.322661 0.571797 0.389169 0.503610 0.834376 100.017374 0.447155 0.571372 0.749787 0.564337 0.743048 0.901143 0.935322 0.463384 0.469832 0.183798 0.479789 0.754834 0.408727 0.809472 0.499339 0.349201 0.121118 0.282316 0.672566 0.679694 0.721144 0.657970 0.457325 0.688010 0.532686 0.611391 0.201889 0.108167 0.436493 0.194735 0.765472 0.361884 0.621315 0.477155 0.579882 0.507261 0.189894 0.534170 0.457034 0.803743 0.822893 0.359787 0.331789 0.479206 0.794863 0.515809 0.823003 0.341618 0.400857 0.178035 0.102401 0.467753 0.595906 0.472652 0.660042 0.857732 0.083172 0.573232 0.284082 0.618088 0.728350 0.683749 0.255478 0.552330 0.257732 0.306404 0.666132 0.793024 0.575071 0.242397 0.294545 0.748780 0.388463 0.606092 0.197343 0.640132 0.290240 0.783427 0.338069 0.746229 0.306277 0.641791 0.296287 0.204192 
0.238262 0.794834 0.794306 0.436307 0.563096 0.685896 0.295063 0.417444 0.111432 0.430397 0.723752 0.657816 0.469573 0.475587 0.340638 0.447155 100.693874 0.417816 0.568411 0.443057 0.499471 0.121312 0.414550 0.394934 0.585426 0.801014 0.772315 0.656207 0.579352 0.602551 0.918458 0.354098 0.298518 0.297805 0.695992 0.463723 0.511021 0.664185 0.393232 0.593500 0.605947 0.757375 0.874909 0.919863 0.192058 0.456495 0.437882 0.594292 0.661119 0.184334 0.712745 0.837046 0.783873 0.367796 0.050505 0.523570 0.387279 0.902528 0.678526 0.364287 0.283266 0.516893 0.414021 0.350845 0.212494 0.189357 0.304713 0.880861 0.627564 0.651654 0.313559 0.514675 0.545211 0.505577 0.772140 0.391265 0.205941 0.745179 0.508773 0.690155 0.747494 0.429462 0.445410 0.483701 0.555631 0.556592 0.332387 0.570407 0.616475 0.285833 0.336142 0.381765 0.205029 0.377132 0.881449 0.226044 0.187765 0.554148 0.441236 0.104989 
0.453928 0.212190 0.922352 0.537296 0.778815 0.512496 0.894539 0.381345 0.078365 0.165352 0.609144 0.410654 0.897153 0.846601 0.591021 0.571372 0.417816 100.912782 0.539786 0.672475 0.242793 0.649554 0.283843 0.519272 0.462522 0.757277 0.624835 0.910898 0.479308 0.266992 0.549211 0.464410 0.306276 0.820962 0.837601 0.501102 0.327894 0.243053 0.823085 0.901514 0.779650 0.629944 0.405823 0.733162 0.498810 0.650339 0.474025 0.723834 0.795174 0.856083 0.662040 0.283180 0.384274 0.098014 0.903054 0.795115 0.714856 0.062079 0.536661 0.188778 0.514041 0.489286 0.297575 0.394813 0.481710 0.397862 0.612457 0.550866 0.215387 0.739267 0.238310 0.417453 0.482220 0.403094 0.622350 0.252468 0.553440 0.160231 0.314442 0.489797 0.417919 0.890600 0.301843 0.528606 0.368920 0.503772 0.185419 0.390038 0.636520 0.494892 0.701097 0.312398 0.306890 0.679011 0.234552 0.235005 0.506403 0.335427 0.595579 0.430743 
0.742855 0.712896 0.490145 0.211804 0.606639 0.721426 0.481001 0.856778 0.886083 0.799317 0.457905 0.983995 0.629738 0.513037 0.374183 0.749787 0.568411 0.539786 100.744136 0.423504 0.403907 0.292013 0.196719 0.240138 0.344412 0.691204 0.678273 0.783129 0.366561 0.459145 0.349099 0.594008 0.568285 0.925254 0.275430 0.389472 0.284708 0.309465 0.418979 0.751286 0.311038 0.613881 0.072193 0.068569 0.251398 0.718656 0.752521 0.079787 0.774292 0.940130 0.422667 0.559091 0.736168 0.117389 0.652704 0.745421 0.236060 0.712501 0.618529 0.341169 0.904370 0.300200 0.281676 0.443129 0.209526 0.621495 0.469726 0.314264 0.524414 0.380496 0.690883 0.477739 0.513758 0.478466 0.322563 0.506501 0.845500 0.246853 0.185476 0.517600 0.590965 0.792793 0.275968 0.446758 0.098105 0.635464 0.772405 0.408761 0.966762 0.321749 0.578839 0.364249 0.583840 0.817576 0.102667 0.590836 0.600662 0.523993 0.430237 0.742046 
0.443618 0.267636 0.140461 0.315870 0.426722 0.173310 0.559082 0.398430 0.476940 0.595245 0.542085 0.520205 0.459254 0.483616 0.263066 0.564337 0.443057 0.672475 0.423504 100.422292 0.661241 0.355035 0.443823 0.889108 0.589692 0.585148 0.323267 0.577929 0.912908 0.666341 0.664464 0.500945 0.257729 0.800754 0.491872 0.950136 0.602380 0.440554 0.373342 0.073991 0.426636 0.616367 0.714881 0.413796 0.588915 0.314596 0.309481 0.426983 0.406854 0.493094 0.531553 0.392130 0.783032 0.388588 0.841303 0.651934 0.284017 0.395128 0.479110 0.855069 0.450826 0.596971 0.400375 0.384983 0.463615 0.369698 0.840698 0.449523 0.582353 0.666315 0.469322 0.384018 0.465274 0.201881 0.438538 0.522082 0.631544 0.313688 0.400960 0.439606 0.660364 0.496395 0.685143 0.605627 0.512215 0.373091 0.148400 0.638189 0.314616 0.327967 0.608703 0.693796 0.373608 0.649030 0.112072 0.378461 0.511206 0.363169 0.509686 0.639661 
0.438586 0.609171 0.661675 0.347171 0.791703 0.671713 0.395911 0.474693 0.380168 0.703090 0.603151 0.608284 0.533940 0.274277 0.100352 0.743048 0.499471 0.242793 0.403907 0.661241 100.747417 0.502324 0.547046 0.503156 0.462510 0.473407 0.184342 0.493924 0.480844 0.583167 0.594621 0.584877 0.639738 0.502535 0.648083 0.463954 0.707850 0.278969 0.710570 0.445785 0.245767 0.332301 0.207588 0.343984 0.842448 0.842603 0.624249 0.656510 0.539731 0.506073 0.695996 0.671895 0.874646 0.348874 0.534005 0.280317 0.468429 0.548412 0.237072 0.601290 0.721477 0.299240 0.576119 0.800376 0.394833 0.238713 0.685587 0.494394 0.470033 0.897148 0.665818 0.571651 0.882282 0.477862 0.788327 0.080447 0.451610 0.229086 0.502874 0.274335 0.845907 0.549938 0.420569 0.192302 0.374051 0.300584 0.577782 0.378296 0.568220 0.602662 0.452903 0.478139 0.923778 0.637534 0.273629 0.509505 0.531182 0.666884 0.634524 0.398417 
0.368643 0.314147 0.732804 0.406839 0.482672 0.774173 0.705000 0.334470 0.437627 0.597535 0.684879 0.647197 0.382326 0.598379 0.156882 0.901143 0.121312 0.649554 0.292013 0.355035 0.502324 100.718631 0.486437 0.658934 0.475277 0.651254 0.309973 0.271483 0.056547 0.842814 0.243004 0.802336 0.374659 0.621483 0.547777 0.567201 0.517202 0.914648 0.360595 0.701501 0.146438 0.742976 0.203376 0.265581 0.594885 0.363017 0.791587 0.576781 0.377559 0.531428 0.567358 0.569602 0.078531 0.670080 0.621390 0.260385 0.375823 0.556711 0.464612 0.278536 0.667914 0.496152 0.199407 0.445576 0.375822 0.567741 0.228294 0.441500 0.106928 0.652008 0.394624 0.554275 0.786009 0.570019 0.801647 0.528488 0.841655 0.349326 0.537726 0.771687 0.677610 0.499751 0.568149 0.858299 0.788567 0.238820 0.305908 0.523312 0.760503 0.235233 0.424696 0.590155 0.534376 0.520361 0.535773 0.711355 0.573011 0.524423 0.446975 0.680852 
0.792559 0.545920 0.589442 0.700484 0.683702 0.474649 0.658665 0.735434 0.401126 0.131132 0.441090 0.662302 0.889273 0.786380 0.354728 0.935322 0.414550 0.283843 0.196719 0.443823 0.547046 0.486437 100.589805 0.610743 0.370207 0.865296 0.189719 0.428435 0.863362 0.679393 0.139744 0.433619 0.397415 0.745509 0.686394 0.378430 0.626669 0.323007 0.430456 0.572599 0.325719 0.481501 0.257741 0.492880 0.392364 0.698025 0.352201 0.657771 0.097916 0.086309 0.806930 0.608938 0.254428 0.849163 0.376107 0.823237 0.918835 0.346309 0.239969 0.398291 0.192708 0.589256 0.804847 0.443331 0.353898 0.311247 0.384186 0.580951 0.757762 0.568673 0.805978 0.190343 0.581598 0.542814 0.635076 0.415198 0.348430 0.167547 0.259118 0.673058 0.118544 0.509349 0.662625 0.457781 0.709189 0.840369 0.535998 0.529060 0.421057 0.310904 0.348491 0.771554 0.684357 0.409746 0.324479 0.496919 0.723843 0.628429 0.507310 0.361096 
0.867138 0.517363 0.519475 0.733587 0.482931 0.666093 0.335053 0.512722 0.739491 0.247665 0.517938 0.587321 0.576909 0.426294 0.699417 0.463384 0.394934 0.519272 0.240138 0.889108 0.503156 0.658934 0.610743 100.827068 0.577751 0.201795 0.109468 0.787877 0.558544 0.537752 0.113447 0.616497 0.185811 0.399094 0.849456 0.337276 0.405691 0.346383 0.696353 0.908953 0.810317 0.802151 0.935624 0.129923 0.448748 0.647561 0.165219 0.382830 0.764670 0.208929 0.258270 0.447704 0.758218 0.690637 0.373739 0.401425 0.429700 0.774974 0.764837 0.941367 0.511767 0.317564 0.188066 0.741645 0.673684 0.441227 0.709449 0.451792 0.205087 0.556206 0.690956 0.393527 0.438974 0.509822 0.634817 0.861288 0.619907 0.967735 0.012997 0.501285 0.265134 0.695164 0.272155 0.705009 0.490361 0.364572 0.573576 0.149468 0.495830 0.732996 0.786877 0.664254 0.149090 0.100956 0.869483 0.422339 0.513450 0.588775 0.439565 0.253075 
0.457694 0.280093 0.578379 0.362709 0.083635 0.903990 0.642405 0.943740 0.651016 0.833197 0.296045 0.440081 0.546698 0.301942 0.807802 0.469832 0.585426 0.462522 0.344412 0.589692 0.462510 0.475277 0.370207 0.577751 100.688717 0.425232 0.559622 0.328837 0.388906 0.824904 0.560890 0.620854 0.416053 0.326410 0.684313 0.654539 0.498900 0.801557 0.428866 0.236976 0.584101 0.171515 0.426971 0.602224 0.312453 0.051089 0.704735 0.096592 0.433794 0.588909 0.652342 0.320705 0.595972 0.303318 0.171775 0.711421 0.510800 0.788922 0.545557 0.519650 0.848417 0.808591 0.457780 0.203670 0.466156 0.408867 0.590052 0.477102 0.258740 0.717932 0.481650 0.634957 0.749524 0.802622 0.378461 0.584111 0.586058 0.534734 0.439104 0.168913 0.423741 0.633307 0.440039 0.789228 0.363111 0.745880 0.108046 0.585423 0.937679 0.259521 0.531589 0.208894 0.787710 0.580059 0.637070 0.465352 0.386570 0.382286 0.411444 0.388242 
0.490888 0.263335 0.566761 0.791850 0.856249 0.187511 0.707340 0.464253 0.406502 0.399071 0.737744 0.904218 0.615768 0.290713 0.627930 0.183798 0.801014 0.757277 0.691204 0.585148 0.473407 0.651254 0.865296 0.201795 0.425232 100.383435 0.353832 0.606942 0.400406 0.301064 0.533990 0.643438 0.585883 0.641366 0.512844 0.830590 0.377175 0.769076 0.777826 0.441827 0.645309 0.431660 0.411009 0.484800 0.833878 0.683086 0.698049 0.469692 0.666316 0.499070 0.074102 0.738563 0.374836 0.452767 0.482316 0.414480 0.587101 0.411283 0.313078 0.307318 0.328728 0.396906 0.361216 0.865584 0.599863 0.526769 0.194129 0.112873 0.573781 0.673960 0.353059 0.496680 0.065141 0.716336 0.430255 0.748370 0.540568 0.544564 0.671494 0.380910 0.140355 0.630295 0.576439 0.528402 0.754692 0.705353 0.576848 0.228134 0.620280 0.181917 0.612035 0.753932 0.484699 0.426033 0.126844 0.499592 0.774627 0.574714 0.524585 0.565470 
0.519337 0.377752 0.838605 0.285538 0.584362 0.296653 0.628213 0.300381 0.731759 0.589049 0.796091 0.598002 0.679829 0.432748 0.133044 0.479789 0.772315 0.624835 0.678273 0.323267 0.184342 0.309973 0.189719 0.109468 0.559622 0.353832 100.616663 0.317663 0.203410 0.542473 0.763593 0.242743 0.246543 0.639588 0.420724 0.417620 0.803508 0.527393 0.501702 0.771873 0.675210 0.371194 0.894243 0.571093 0.663287 0.702732 0.869353 0.465032 0.389899 0.520486 0.230705 0.199542 0.410527 0.069187 0.875545 0.386046 0.780727 0.819975 0.457517 0.733285 0.553354 0.295142 0.164714 0.118319 0.526562 0.637010 0.527894 0.677745 0.758940 0.208348 0.161246 0.416408 0.567770 0.621664 0.765372 0.362925 0.578474 0.721983 0.757293 0.457969 0.543855 0.823795 0.416336 0.824710 0.751817 0.414696 0.276168 0.396441 0.284629 0.052940 0.115617 0.503668 0.417542 0.494345 0.564390 0.169423 0.810983 0.270773 0.306886 0.572232 
0.645305 0.680483 0.263140 0.236552 0.662687 0.735563 0.332321 0.526475 0.763850 0.391625 0.482015 0.561738 0.390595 0.368679 0.589897 0.754834 0.656207 0.910898 0.783129 0.577929 0.493924 0.271483 0.428435 0.787877 0.328837 0.606942 0.317663 100.617142 0.670778 0.627893 0.184927 0.324083 0.600643 0.936114 0.620657 0.212085 0.615345 0.220982 0.656329 0.780839 0.515883 0.346209 0.500938 0.844467 0.584109 0.495454 0.152557 0.396800 0.181923 0.485092 0.408854 0.828413 0.318870 0.220099 0.488781 0.583914 0.380020 0.845119 0.796151 0.699667 0.839784 0.659664 0.372423 0.374317 0.436032 0.379295 0.543040 0.578043 0.440473 0.325406 0.541679 0.315757 0.722141 0.463592 0.371467 0.547351 0.484625 0.596946 0.619492 0.690347 0.559970 0.719670 0.683766 0.490991 0.838383 0.613538 0.637178 0.628818 0.402821 0.444175 0.174430 0.455247 0.793726 0.342702 0.463721 0.517835 0.276076 0.606265 0.654982 0.867503 
0.613185 0.230612 0.411974 0.459600 0.883231 0.673363 0.556862 0.583385 0.716286 0.087146 0.267492 0.375372 0.599492 0.648073 0.540633 0.408727 0.579352 0.479308 0.366561 0.912908 0.480844 0.056547 0.863362 0.558544 0.388906 0.400406 0.203410 0.670778 100.087186 0.303958 0.314072 0.471509 0.621650 0.522199 0.296248 0.201581 0.635228 0.600991 0.247262 0.670608 0.227520 0.301953 0.888781 0.446660 0.048746 0.423684 0.486082 0.703045 0.540029 0.078003 0.900866 0.408965 0.530856 0.678018 0.685298 0.937492 0.451611 0.669770 0.433441 0.476059 0.498612 0.380543 0.347306 0.358903 0.511245 0.610359 0.502919 0.463519 0.718210 0.331130 0.239550 0.173774 0.516888 0.602303 0.307923 0.392384 0.315193 0.376899 0.720234 0.437287 0.199079 0.262863 0.533379 0.586552 0.566229 0.842164 0.514003 0.318749 0.826099 0.314215 0.517008 0.368288 0.179650 0.764744 0.836203 0.492503 0.393325 0.491433 0.699474 0.443892 
0.206879 0.594710 0.657601 0.323380 0.777815 0.855078 0.457439 0.573771 0.053053 0.437666 0.225341 0.365124 0.662946 0.722266 0.682987 0.809472 0.602551 0.266992 0.459145 0.666341 0.583167 0.842814 0.679393 0.537752 0.824904 0.301064 0.542473 0.627893 0.303958 100.286253 0.741970 0.817089 0.134419 0.630536 0.613203 0.606995 0.626162 0.342448 0.624940 0.680418 0.546133 0.363222 0.643882 0.578921 0.159393 0.349293 0.452367 0.654954 0.396535 0.282811 0.257265 0.231665 0.207987 0.269273 0.324053 0.279266 0.788277 0.371540 0.678266 0.755069 0.481087 0.540709 0.453261 0.645908 0.298835 0.272200 0.383981 0.217686 0.250073 0.337521 0.469071 0.157363 0.456399 0.416204 0.388162 0.669354 0.754577 0.417093 0.608753 0.541568 0.712667 0.870072 0.576707 0.788380 0.845434 0.675282 0.203038 0.465964 0.553371 0.366378 0.309943 0.070862 0.761579 0.455166 0.808876 0.420027 0.314189 0.237865 0.635059 0.780195 
0.672303 0.747493 0.712633 0.615170 0.591813 0.666160 0.962955 0.473181 0.600825 0.560802 0.347885 0.374963 0.486710 0.822560 0.977038 0.499339 0.918458 0.549211 0.349099 0.664464 0.594621 0.243004 0.139744 0.113447 0.560890 0.533990 0.763593 0.184927 0.314072 0.741970 100.816367 0.052902 0.112354 0.668636 0.513167 0.404864 0.430646 0.505428 0.615528 0.718674 0.704397 0.476432 0.534183 0.431075 0.502786 0.535038 0.692824 0.384406 0.504224 0.114542 0.556888 0.327917 0.301168 0.260363 0.467558 0.587115 0.214082 0.350852 0.668724 0.178481 0.370932 0.340940 0.718977 0.571129 0.175217 0.405121 0.648332 0.426583 0.254083 0.584451 0.582658 0.211041 0.611415 0.663665 0.702869 0.424160 0.705683 0.508587 0.611413 0.528714 0.584261 0.036437 0.796313 0.761030 0.755415 0.430565 0.450225 0.879016 0.406535 0.379331 0.399862 0.447583 0.434751 0.690920 0.691721 0.835685 0.081573 0.746832 0.316230 0.685946 
0.468751 0.344106 0.386161 0.534804 0.515767 0.439560 0.301782 0.332223 0.358946 0.330463 0.394364 0.602279 0.761222 0.272013 0.627218 0.349201 0.354098 0.464410 0.594008 0.500945 0.584877 0.802336 0.433619 0.616497 0.620854 0.643438 0.242743 0.324083 0.471509 0.817089 0.052902 100.849524 0.789761 0.652894 0.334357 0.471302 0.424610 0.867805 0.169524 0.322488 0.811201 0.573443 0.183338 0.220200 0.652047 0.448366 0.403436 0.506017 0.294718 0.654248 0.207046 0.569378 0.503723 0.282881 0.293942 0.184008 0.903019 0.440629 0.433482 0.505200 0.574344 0.528386 0.166913 0.535873 0.341630 0.752899 0.399833 0.640364 0.701730 0.605357 0.540396 0.495890 0.609339 0.824187 0.760628 0.883401 0.051875 0.246018 0.065666 0.498487 0.673883 0.566116 0.503508 0.775031 0.332066 0.507924 0.371428 0.565399 0.846722 0.580889 0.531552 0.292716 0.452416 0.879096 0.619982 0.500246 0.200511 0.406150 0.077576 0.614796 
0.279635 0.587557 0.195162 0.561216 0.352417 0.558499 0.588158 0.485111 0.077379 0.901156 0.264898 0.781861 0.749299 0.188452 0.275869 0.121118 0.298518 0.306276 0.568285 0.257729 0.639738 0.374659 0.397415 0.185811 0.416053 0.585883 0.246543 0.600643 0.621650 0.134419 0.112354 0.789761 100.630379 0.894243 0.439550 0.470141 0.491276 0.198350 0.565822 0.856535 0.861182 0.802218 0.717109 0.726722 0.526865 0.555289 0.360955 0.465618 0.295058 0.164828 0.667868 0.662947 0.093726 0.479546 0.790391 0.859005 0.633675 0.513424 0.301236 0.863071 0.855562 0.790633 0.425351 0.467281 0.422790 0.419780 0.528894 0.787641 0.537293 0.864230 0.350346 0.510115 0.253219 0.448871 0.141256 0.385385 0.267974 0.504400 0.476318 0.426523 0.417375 0.708456 0.130140 0.403981 0.790848 0.431774 0.254140 0.436567 0.399730 0.376059 0.272523 0.591996 0.475550 0.807511 0.339103 0.455330 0.413169 0.259508 0.292165 0.803895 
0.651191 0.470460 0.427496 0.586268 0.746151 0.280047 0.533127 0.160167 0.663706 0.627538 0.505077 0.427952 0.539762 0.447292 0.306564 0.282316 0.297805 0.820962 0.925254 0.800754 0.502535 0.621483 0.745509 0.399094 0.326410 0.641366 0.639588 0.936114 0.522199 0.630536 0.668636 0.652894 0.894243 100.202831 0.073487 0.305436 0.613974 0.773744 0.404594 0.298120 0.403079 0.457273 0.710321 0.193810 0.534888 0.203986 0.524059 0.555544 0.825303 0.504284 0.119375 0.555405 0.753009 0.784215 0.508413 0.435514 0.593836 0.819080 0.400296 0.508201 0.538288 0.322708 0.220183 0.814983 0.952344 0.540625 0.454581 0.406226 0.559756 0.740688 0.596671 0.508968 0.146444 0.479278 0.504015 0.656826 0.497670 0.352546 0.354631 0.211159 0.482561 0.557547 0.716259 0.411590 0.347201 0.535028 0.391236 0.252678 0.570992 0.732223 0.585377 0.583924 0.554813 0.514072 0.680966 0.622362 0.627930 0.524562 0.497182 0.410311 
0.389351 0.830266 0.466531 0.593330 0.697972 0.380563 0.361437 0.192148 0.309138 0.930108 0.376553 0.713461 0.754779 0.562705 0.222727 0.672566 0.695992 0.837601 0.275430 0.491872 0.648083 0.547777 0.686394 0.849456 0.684313 0.512844 0.420724 0.620657 0.296248 0.613203 0.513167 0.334357 0.439550 0.073487 100.882515 0.457738 0.516847 0.795147 0.585879 0.469603 0.176196 0.406661 0.842107 0.345382 0.728592 0.444270 0.299049 0.200728 0.018228 0.389874 0.820748 0.278827 0.798507 0.192329 0.909127 0.395262 0.209430 0.116077 0.185439 0.506084 0.482158 0.466217 0.445534 0.572472 0.445862 0.747610 0.199920 0.616430 0.501850 0.387593 0.392213 0.529722 0.179875 0.833409 0.264020 0.305464 0.726021 0.787716 0.472902 0.477620 0.480480 0.582000 0.818108 0.576369 0.492309 0.739836 0.793978 0.653195 0.340922 0.038466 0.362147 0.368952 0.590728 0.125224 0.162424 0.584599 0.718061 0.389167 0.721160 0.255128 
0.516575 0.311658 0.414190 0.348026 0.358957 0.638597 0.514586 0.491679 0.700769 0.603788 0.382868 0.450442 0.746711 0.691643 0.506957 0.679694 0.463723 0.501102 0.389472 0.950136 0.463954 0.567201 0.378430 0.337276 0.654539 0.830590 0.417620 0.212085 0.201581 0.606995 0.404864 0.471302 0.470141 0.305436 0.457738 100.501154 0.769458 0.856576 0.345271 0.310815 0.483266 0.634535 0.613315 0.636330 0.276789 0.613899 0.222539 0.414268 0.257894 0.578481 0.401202 0.557601 0.377963 0.581050 0.502983 0.678388 0.438703 0.294585 0.612698 0.641323 0.461586 0.850239 0.254315 0.671558 0.518193 0.349927 0.603032 0.342415 0.103270 0.475550 0.511124 0.320875 0.583146 0.474151 0.536659 0.717578 0.537761 0.607120 0.300378 0.161531 0.533324 0.667050 0.274091 0.700051 0.511483 0.596879 0.583144 0.857958 0.547333 0.126589 0.357953 0.736086 0.794287 0.265951 0.410625 0.194914 0.574229 0.702307 0.280362 0.449698 
0.445595 0.608823 0.106761 0.293842 0.453857 0.689137 0.591281 0.776485 0.719155 0.201756 0.766727 0.680752 0.567724 0.504839 0.521132 0.721144 0.511021 0.327894 0.284708 0.602380 0.707850 0.517202 0.626669 0.405691 0.498900 0.377175 0.803508 0.615345 0.635228 0.626162 0.430646 0.424610 0.491276 0.613974 0.516847 0.769458 100.194130 0.542778 0.681949 0.347461 0.519785 0.192637 0.650161 0.488902 0.606268 0.443965 0.263897 0.576916 0.139151 0.641217 0.860930 0.491648 0.271972 0.557557 0.839397 0.412752 0.863102 0.285941 0.819864 0.714099 0.192239 0.455902 0.463161 0.467391 0.441639 0.600143 0.697282 0.589000 0.416594 0.226093 0.389121 0.495480 0.898180 0.380185 0.421080 0.410689 0.544996 0.811814 0.504941 0.740441 0.229307 0.591431 0.328162 0.328780 0.355015 0.803719 0.787030 0.470253 0.129049 0.558113 0.838539 0.797211 0.411908 0.448307 0.311176 0.235505 0.548135 0.587769 0.537699 0.443284 
0.452496 0.520022 0.451385 0.555985 0.800186 0.544729 0.174239 0.409675 0.305473 0.501737 0.526155 0.350840 0.581333 0.276462 0.403094 0.657970 0.664185 0.243053 0.309465 0.440554 0.278969 0.914648 0.323007 0.346383 0.801557 0.769076 0.527393 0.220982 0.600991 0.342448 0.505428 0.867805 0.198350 0.773744 0.795147 0.856576 0.542778 100.593594 0.874152 0.309038 0.368207 0.220709 0.475908 0.563143 0.862421 0.531461 0.201904 0.466762 0.516458 0.519997 0.780876 0.433261 0.512943 0.393900 0.743677 0.293000 0.232141 0.898905 0.836300 0.513267 0.218322 0.659322 0.619869 0.503333 0.701194 0.060013 0.761094 0.574527 0.334159 0.025234 0.772853 0.513228 0.046438 0.296962 0.825161 0.093821 0.963747 0.364602 0.904340 0.382653 0.563424 0.270644 0.175036 0.590480 0.552959 0.554458 0.605868 0.790502 0.512484 0.426523 0.438852 0.894241 0.485369 0.378441 0.413201 0.817995 0.500510 0.146120 0.673266 0.540523 
0.775742 0.453092 0.778724 0.461056 0.955545 0.353535 0.720331 0.391052 0.432117 0.470510 0.912901 0.390173 0.407728 0.498371 0.344011 0.457325 0.393232 0.823085 0.418979 0.373342 0.710570 0.360595 0.430456 0.696353 0.428866 0.777826 0.501702 0.656329 0.247262 0.624940 0.615528 0.169524 0.565822 0.404594 0.585879 0.345271 0.681949 0.874152 100.796368 0.599856 0.548236 0.595140 0.771998 0.522827 0.589266 0.060843 0.647340 0.587710 0.188189 0.632900 0.716434 0.514539 0.637530 0.274197 0.679822 0.227040 0.521926 0.596385 0.402688 0.872284 0.123155 0.382611 0.800816 0.618682 0.028341 0.305461 0.480357 0.529566 0.402880 0.474795 0.338275 0.632652 0.357219 0.477011 0.426154 0.669280 0.666150 0.617289 0.552164 0.117290 0.566533 0.426138 0.366606 0.337035 0.551078 0.731355 0.807379 0.666336 0.346037 0.644619 0.880810 0.275848 0.436926 0.161712 0.775351 0.776049 0.401255 0.533408 0.393214 0.483238 
0.199636 0.456047 0.344618 0.485743 0.299959 0.490631 0.313723 0.244052 0.475236 0.647136 0.866321 0.175869 0.394776 0.695333 0.330677 0.688010 0.593500 0.901514 0.751286 0.073991 0.445785 0.701501 0.572599 0.908953 0.236976 0.441827 0.771873 0.780839 0.670608 0.680418 0.718674 0.322488 0.856535 0.298120 0.469603 0.310815 0.347461 0.309038 0.599856 100.932185 0.592375 0.579770 0.711503 0.438672 0.606865 0.366643 0.070567 0.641444 0.129046 0.504564 0.323342 0.108562 0.335225 0.454341 0.456997 0.368038 0.388183 0.599037 0.427925 0.470642 0.368966 0.382735 0.663504 0.516498 0.434278 0.759165 0.256728 0.530226 0.513646 0.424716 0.756471 0.675156 0.363627 0.309599 0.568812 0.808816 0.649883 0.631739 0.687792 0.629847 0.592033 0.365040 0.513664 0.438449 0.431373 0.611486 0.377690 0.424702 0.492709 0.300659 0.668756 0.250798 0.178621 0.295071 0.220144 0.378845 0.567205 0.382126 0.079468 0.633350 
0.529184 0.833535 0.465407 0.222663 0.229657 0.520893 0.555947 0.691903 0.320358 0.174925 0.443574 0.475098 0.392396 0.743602 0.433930 0.532686 0.605947 0.779650 0.311038 0.426636 0.245767 0.146438 0.325719 0.810317 0.584101 0.645309 0.675210 0.515883 0.227520 0.546133 0.704397 0.811201 0.861182 0.403079 0.176196 0.483266 0.519785 0.368207 0.548236 0.592375 100.174089 0.476209 0.533640 0.445347 0.223879 0.491011 0.299741 0.427078 0.793191 0.520189 0.674061 0.158289 0.306984 0.240793 0.497420 0.511776 0.405322 0.428790 0.742806 0.397265 0.404315 0.273544 0.735036 0.167480 0.480858 0.601571 0.543180 0.906551 0.819809 0.664052 0.763888 0.701210 0.482307 0.275826 0.218522 0.525317 0.098997 0.569123 0.355255 0.103412 0.641301 0.224154 0.453147 0.270531 0.425768 0.571462 0.710314 0.875847 0.133566 0.311281 0.356607 0.541211 0.471210 0.532476 0.650203 0.354291 0.272120 0.433395 0.779017 0.595780 
0.634158 0.332398 0.232813 0.735095 0.299022 0.761822 0.500306 0.582012 0.754034 0.482553 0.556928 0.444747 0.508750 0.287928 0.292102 0.611391 0.757375 0.629944 0.613881 0.616367 0.332301 0.742976 0.481501 0.802151 0.171515 0.431660 0.371194 0.346209 0.301953 0.363222 0.476432 0.573443 0.802218 0.457273 0.406661 0.634535 0.192637 0.220709 0.595140 0.579770 0.476209 100.137199 0.158929 0.362331 0.516595 0.519161 0.797656 0.541568 0.564488 0.355681 0.624881 0.504493 0.642738 0.859971 0.687079 0.904267 0.443617 0.882748 0.533389 0.608847 0.071707 0.870073 0.754704 0.477592 0.560264 0.408311 0.434170 0.705586 0.310962 0.526968 0.295136 0.583766 0.548636 0.337762 0.467932 0.822782 0.642397 0.504211 0.665022 0.618501 0.545247 0.898536 0.754949 0.146000 0.574161 0.128244 0.798204 0.677720 0.517551 0.450293 0.453449 0.330019 0.737358 0.432697 0.563146 0.922527 0.319344 0.305380 0.553144 0.499507 
0.530544 0.311842 0.158534 0.366057 0.343539 0.862458 0.570435 0.597245 0.387109 0.317655 0.126540 0.299253 0.725366 0.557580 0.771508 0.201889 0.874909 0.405823 0.072193 0.714881 0.207588 0.203376 0.257741 0.935624 0.426971 0.411009 0.894243 0.500938 0.888781 0.643882 0.534183 0.183338 0.717109 0.710321 0.842107 0.613315 0.650161 0.475908 0.771998 0.711503 0.533640 0.158929 100.518055 0.603863 0.515466 0.663233 0.363894 0.547552 0.745144 0.194846 0.562841 0.436505 0.671436 0.299910 0.822470 0.411580 0.202451 0.709677 0.817549 0.076910 0.743096 0.529506 0.720692 0.608941 0.599126 0.855950 0.541941 0.324003 0.125981 0.817070 0.217290 0.817733 0.290161 0.645366 0.578149 0.431239 0.475767 0.532879 0.375400 0.699965 0.831024 0.852677 0.699085 0.565888 0.561193 0.279535 0.635052 0.467985 0.530497 0.789509 0.602792 0.316561 0.375593 0.872254 0.764703 0.776065 0.372267 0.440889 0.474863 0.639379 
0.512298 0.716145 0.428124 0.375360 0.663141 0.275361 0.607365 0.142432 0.168801 0.494213 0.450828 0.830785 0.774322 0.552830 0.192727 0.108167 0.919863 0.733162 0.068569 0.413796 0.343984 0.265581 0.492880 0.129923 0.602224 0.484800 0.571093 0.844467 0.446660 0.578921 0.431075 0.220200 0.726722 0.193810 0.345382 0.636330 0.488902 0.563143 0.522827 0.438672 0.445347 0.362331 0.603863 100.175537 0.783948 0.434308 0.544952 0.498404 0.561224 0.406674 0.370011 0.484860 0.288499 0.491074 0.712882 0.666487 0.509529 0.780187 0.577314 0.472349 0.689254 0.222612 0.270664 0.535518 0.204393 0.636512 0.788387 0.398151 0.341817 0.320546 0.258007 0.647579 0.826620 0.327498 0.349437 0.776219 0.129625 0.816411 0.708360 0.119496 0.807508 0.876883 0.705215 0.568503 0.471746 0.492740 0.825514 0.788931 0.319610 0.916447 0.141751 0.429946 0.945654 0.408240 0.496491 0.883393 0.492078 0.359648 0.684518 0.583302 
